0 0.10642857142857143 0.17355371900826447 0.1757142857142857 0.34297520661157027
0 0.2842857142857143 0.253099173553719 0.24857142857142858 0.3037190082644628
0 0.52 0.19524793388429754 0.26571428571428574 0.36983471074380164
0 0.8035714285714286 0.18801652892561985 0.3242857142857143 0.371900826446281
0 0.21 0.5681818181818182 0.2714285714285714 0.33884297520661155
0 0.4928571428571429 0.5568181818181819 0.3028571428571429 0.41115702479338845
0 0.795 0.5278925619834711 0.25857142857142856 0.36983471074380164
0 0.09642857142857143 0.8295454545454546 0.18714285714285714 0.34090909090909094
0 0.3357142857142857 0.8450413223140496 0.26571428571428574 0.28512396694214875
0 0.7592857142857142 0.8584710743801653 0.21285714285714286 0.2830578512396694
0 0.9221428571428572 0.8233471074380165 0.15285714285714286 0.33264462809917356
