0 0.6825 0.6083489681050657 0.28750000000000003 0.19606003752345216
0 0.20750000000000002 0.5651969981238274 0.2325 0.21669793621013134
0 0.32125 0.28377110694183866 0.25 0.14540337711069418
0 0.6531250000000001 0.16651031894934334 0.30125 0.2073170731707317
0 0.81375 0.4427767354596623 0.295 0.20825515947467166
0 0.416875 0.5393996247654784 0.20875 0.19699812382739212
0 0.425 0.8133208255159474 0.2275 0.2026266416510319
0 0.5225 0.3850844277673546 0.2 0.18667917448405252
0 0.05 0.5093808630393997 0.095 0.18386491557223264
0 0.11812500000000001 0.8377110694183865 0.15375 0.17073170731707318
0 0.28375 0.0877110694183865 0.20750000000000002 0.14540337711069418
0 0.853125 0.7101313320825516 0.24625 0.20075046904315197
0 0.800625 0.8588180112570356 0.30875 0.1303939962476548
0 0.933125 0.13696060037523453 0.13375 0.1726078799249531
0 0.29125 0.4099437148217636 0.225 0.1125703564727955
0 0.24375 0.8944652908067542 0.16 0.124765478424015
