0 0.1962890625 0.5670572916666666 0.181640625 0.2591145833333333
0 0.48046875 0.7024739583333333 0.251953125 0.31640625
0 0.64697265625 0.39908854166666663 0.1923828125 0.27734375
0 0.197265625 0.298828125 0.154296875 0.20182291666666666
0 0.32666015625 0.140625 0.1611328125 0.19270833333333331
0 0.8935546875 0.4251302083333333 0.173828125 0.24869791666666666
0 0.90576171875 0.7141927083333333 0.1708984375 0.26171875
0 0.1728515625 0.794921875 0.1953125 0.23307291666666666
0 0.42138671875 0.447265625 0.2431640625 0.21484375
0 0.3583984375 0.8561197916666666 0.18359375 0.23567708333333331
0 0.60205078125 0.21484375 0.1845703125 0.19270833333333331
0 0.8759765625 0.197265625 0.18359375 0.18359375
0 0.73974609375 0.0703125 0.1572265625 0.13802083333333331
0 0.4453125 0.08854166666666666 0.162109375 0.17447916666666666
0 0.6396484375 0.6673177083333333 0.17578125 0.2903645833333333
0 0.90576171875 0.9244791666666666 0.1845703125 0.15104166666666666
