0 0.24609375 0.20347222222222222 0.1203125 0.2152777777777778
0 0.6726562500000001 0.28402777777777777 0.1390625 0.2263888888888889
0 0.1421875 0.49444444444444446 0.1203125 0.16111111111111112
0 0.36367187500000003 0.45833333333333337 0.10703125000000001 0.18333333333333335
0 0.727734375 0.8375 0.10078125 0.18333333333333335
0 0.076171875 0.33472222222222225 0.10703125000000001 0.15555555555555556
0 0.49921875000000004 0.3041666666666667 0.09062500000000001 0.17222222222222222
0 0.1875 0.6770833333333334 0.115625 0.19861111111111113
0 0.52109375 0.8666666666666667 0.1015625 0.20277777777777778
0 0.0625 0.7861111111111111 0.115625 0.26666666666666666
0 0.425390625 0.7548611111111111 0.10234375000000001 0.21805555555555556
0 0.5796875 0.4 0.08125 0.17222222222222222
0 0.043750000000000004 0.5534722222222223 0.08125 0.1736111111111111
0 0.30585937500000004 0.8847222222222223 0.07578125000000001 0.13611111111111113
