0 0.6185714285714285 0.42692307692307696 0.19714285714285715 0.23076923076923078
0 0.5185714285714286 0.8538461538461539 0.18571428571428572 0.2153846153846154
0 0.31285714285714283 0.6903846153846154 0.19714285714285715 0.23461538461538461
0 0.16285714285714287 0.375 0.2057142857142857 0.2576923076923077
0 0.34285714285714286 0.1807692307692308 0.25142857142857145 0.2692307692307693
0 0.4157142857142857 0.4653846153846154 0.18 0.24615384615384617
0 0.7457142857142857 0.851923076923077 0.21714285714285714 0.28076923076923077
0 0.7814285714285715 0.5615384615384615 0.15714285714285714 0.2692307692307693
0 0.7357142857142858 0.31153846153846154 0.18 0.2153846153846154
0 0.91 0.4557692307692308 0.15714285714285714 0.21923076923076923
0 0.08142857142857143 0.8596153846153847 0.15142857142857144 0.28076923076923077
