0 0.17208333333333334 0.19791666666666669 0.17916666666666667 0.14250000000000002
0 0.2966666666666667 0.8620833333333334 0.17500000000000002 0.21083333333333334
0 0.6012500000000001 0.9187500000000001 0.22916666666666669 0.1625
0 0.6391666666666667 0.4083333333333334 0.17500000000000002 0.12666666666666668
0 0.7295833333333334 0.5275000000000001 0.15083333333333335 0.14166666666666666
0 0.3179166666666667 0.6112500000000001 0.16583333333333333 0.14416666666666667
0 0.3791666666666667 0.26416666666666666 0.18500000000000003 0.23500000000000001
0 0.9 0.1975 0.19666666666666668 0.115
0 0.05416666666666667 0.5254166666666668 0.10666666666666667 0.18583333333333335
0 0.48250000000000004 0.5904166666666667 0.13166666666666668 0.17083333333333334
