1 0.1675 0.5949796472184531 0.067 0.10719131614654002
1 0.221 0.8249660786974219 0.084 0.10583446404341926
1 0.1505 0.864314789687924 0.077 0.1112618724559023
1 0.261 0.5617367706919946 0.084 0.17367706919945725
1 0.463 0.5413839891451832 0.076 0.13025780189959293
1 0.538 0.6743554952510176 0.07 0.10854816824966078
1 0.056 0.6309362279511532 0.11 0.09226594301221167
1 0.7585000000000001 0.4776119402985074 0.051000000000000004 0.10583446404341926
1 0.735 0.6689280868385346 0.08600000000000001 0.14925373134328357
1 0.601 0.525101763907734 0.062 0.12211668928086837
1 0.5235 0.5325644504748982 0.059000000000000004 0.12618724559023065
1 0.034 0.40230664857530524 0.05 0.08005427408412483
1 0.3535 0.7164179104477612 0.079 0.11668928086838534
1 0.81 0.5909090909090908 0.036000000000000004 0.0773405698778833
1 0.368 0.5895522388059701 0.068 0.10176390773405698
1 0.704 0.5807327001356851 0.094 0.10854816824966078
1 0.0785 0.5556309362279511 0.051000000000000004 0.08819538670284938
1 0.267 0.12075983717774762 0.024 0.048846675712347354
1 0.8965 0.5841248303934871 0.059000000000000004 0.0773405698778833
1 0.1495 0.4647218453188602 0.077 0.0773405698778833
1 0.317 0.5868385345997286 0.07 0.11533242876526457
1 0.4295 0.7272727272727272 0.069 0.12483039348710989
