1 0.7018518518518518 0.35211267605633806 0.07037037037037037 0.1267605633802817
1 0.7347222222222223 0.7429577464788732 0.06759259259259259 0.09154929577464789
1 0.7416666666666667 0.8732394366197184 0.07962962962962963 0.10985915492957747
1 0.8273148148148148 0.8577464788732395 0.058333333333333334 0.08732394366197184
1 0.7606481481481482 0.38732394366197187 0.06759259259259259 0.08450704225352113
1 0.39305555555555555 0.26126760563380286 0.03981481481481482 0.054929577464788736
1 0.9703703703703704 0.3830985915492958 0.05925925925925926 0.10704225352112677
1 0.7694444444444445 0.24295774647887325 0.06851851851851852 0.07746478873239437
1 0.8407407407407408 0.38802816901408455 0.07777777777777778 0.07464788732394366
1 0.6597222222222222 0.3894366197183099 0.05648148148148149 0.08028169014084507
1 0.5208333333333334 0.46408450704225357 0.036111111111111115 0.04929577464788733
