1 0.5888671875 0.2802734375 0.0673828125 0.09700520833333333
1 0.30126953125 0.6975911458333333 0.0712890625 0.091796875
1 0.151123046875 0.5182291666666666 0.06884765625 0.07552083333333333
1 0.073974609375 0.236328125 0.05029296875 0.05598958333333333
1 0.0693359375 0.5452473958333333 0.0751953125 0.08919270833333333
1 0.473388671875 0.49609375 0.06787109375 0.09375
1 0.632568359375 0.60546875 0.08740234375 0.11197916666666666
1 0.41796875 0.6676432291666666 0.0810546875 0.11393229166666666
1 0.2763671875 0.25455729166666663 0.064453125 0.05208333333333333
1 0.263427734375 0.38736979166666663 0.04052734375 0.053385416666666664
1 0.377685546875 0.3284505208333333 0.05126953125 0.07877604166666666
1 0.45458984375 0.2119140625 0.0888671875 0.06966145833333333
1 0.83056640625 0.04817708333333333 0.0595703125 0.0703125
1 0.791748046875 0.443359375 0.08740234375 0.08854166666666666
1 0.766357421875 0.5537109375 0.06787109375 0.07486979166666666
1 0.7578125 0.8356119791666666 0.072265625 0.10221354166666666
1 0.236328125 0.6236979166666666 0.0634765625 0.05859375
1 0.1123046875 0.7236328125 0.041015625 0.05794270833333333
1 0.18896484375 0.0302734375 0.0341796875 0.059244791666666664
1 0.188232421875 0.8317057291666666 0.05224609375 0.06315104166666666
1 0.215087890625 0.9117838541666666 0.04638671875 0.06315104166666666
1 0.400634765625 0.806640625 0.04150390625 0.05989583333333333
1 0.40087890625 0.05078125 0.0546875 0.078125
1 0.06103515625 0.10026041666666666 0.0390625 0.04036458333333333
1 0.203857421875 0.15657552083333331 0.05419921875 0.06184895833333333
1 0.781005859375 0.16015625 0.05126953125 0.0703125
1 0.5966796875 0.146484375 0.0615234375 0.08203125
1 0.53369140625 0.36979166666666663 0.0556640625 0.06770833333333333
1 0.407958984375 0.4267578125 0.03857421875 0.059244791666666664
1 0.422607421875 0.927734375 0.06005859375 0.08463541666666666
1 0.634521484375 0.7884114583333333 0.05419921875 0.0703125
1 0.671630859375 0.8639322916666666 0.04736328125 0.05859375
1 0.648681640625 0.9326171875 0.06982421875 0.10481770833333333
1 0.66650390625 0.3798828125 0.052734375 0.07096354166666666
1 0.66650390625 0.5026041666666666 0.0703125 0.0703125
1 0.798095703125 0.9641927083333333 0.07763671875 0.07161458333333333
