1 0.5097222222222222 0.7030864197530864 0.2064814814814815 0.24567901234567902
1 0.49444444444444446 0.3160493827160494 0.08518518518518518 0.10864197530864197
1 0.24305555555555555 0.5234567901234568 0.16203703703703703 0.16049382716049382
1 0.07407407407407407 0.43333333333333335 0.11666666666666667 0.13333333333333333
1 0.4467592592592593 0.46296296296296297 0.14166666666666666 0.15061728395061727
1 0.6439814814814815 0.2382716049382716 0.03981481481481482 0.06666666666666667
1 0.5986111111111111 0.38271604938271603 0.11944444444444445 0.13580246913580246
1 0.33842592592592596 0.21666666666666667 0.04722222222222222 0.08024691358024691
1 0.3907407407407408 0.22530864197530864 0.02962962962962963 0.0654320987654321
1 0.21064814814814817 0.29320987654320985 0.07314814814814816 0.09012345679012346
1 0.9652777777777778 0.4703703703703704 0.06944444444444445 0.12345679012345678
1 0.3300925925925926 0.36358024691358026 0.06574074074074074 0.10493827160493827
1 0.8166666666666667 0.32098765432098764 0.08703703703703704 0.11358024691358025
